211043234 211043234 1 0 0
211043234 36419 0 7 7
211043234 40259 0 7 7
211043234 50009 0 7 7
211043234 52702 0 7 7
211043234 84960 0 7 7
211043234 164698 0.20412414523193 8 8
211043234 209803 0 7 7
211043234 218996 0 9 9
211043234 242274 0 7 7
211043234 254668 0 7 7
211043234 275363 0 6 6
211043234 286345 0 7 7
211043234  0  6
36419 36419 1 0 0
36419 40259 0 2 2
36419 50009 1 0 0
36419 52702 1 0 0
36419 84960 1 0 0
36419 164698 0 5 5
36419 209803 1 0 0
36419 218996 0 4 4
36419 242274 0 2 2
36419 254668 0 2 2
36419 275363 0 1 1
36419 286345 1 0 0
36419  0  1
40259 40259 1 0 0
40259 50009 0 2 2
40259 52702 0 2 2
40259 84960 0 2 2
40259 164698 0 5 5
40259 209803 0 2 2
40259 218996 0 4 4
40259 242274 1 0 0
40259 254668 1 0 0
40259 275363 0 1 1
40259 286345 0 2 2
40259  0  1
50009 50009 1 0 0
50009 52702 1 0 0
50009 84960 1 0 0
50009 164698 0 5 5
50009 209803 1 0 0
50009 218996 0 4 4
50009 242274 0 2 2
50009 254668 0 2 2
50009 275363 0 1 1
50009 286345 1 0 0
50009  0  1
52702 52702 1 0 0
52702 84960 1 0 0
52702 164698 0 5 5
52702 209803 1 0 0
52702 218996 0 4 4
52702 242274 0 2 2
52702 254668 0 2 2
52702 275363 0 1 1
52702 286345 1 0 0
52702  0  1
84960 84960 1 0 0
84960 164698 0 5 5
84960 209803 1 0 0
84960 218996 0 4 4
84960 242274 0 2 2
84960 254668 0 2 2
84960 275363 0 1 1
84960 286345 1 0 0
84960  0  1
164698 164698 1 0 0
164698 209803 0 5 5
164698 218996 0 7 7
164698 242274 0 5 5
164698 254668 0 5 5
164698 275363 0 4 4
164698 286345 0 5 5
164698  0  4
209803 209803 1 0 0
209803 218996 0 4 4
209803 242274 0 2 2
209803 254668 0 2 2
209803 275363 0 1 1
209803 286345 1 0 0
209803  0  1
218996 218996 1 0 0
218996 242274 0 4 4
218996 254668 0 4 4
218996 275363 0 3 3
218996 286345 0 4 4
218996  0  3
242274 242274 1 0 0
242274 254668 1 0 0
242274 275363 0 1 1
242274 286345 0 2 2
242274  0  1
254668 254668 1 0 0
254668 275363 0 1 1
254668 286345 0 2 2
254668  0  1
275363 275363 1 0 0
275363 286345 0 1 1
275363  1  0
286345 286345 1 0 0
286345  0  1
  1 0 0
