211043234
259331774
380024161
267734868
139067741
357561718
157413578
210277929
636566716
423753842
198738637
156411
164698
166203
209803
218996
242274
254668
264357
275363
276227
286345
288225
315389
317406
364883
368647
388665
402546
407602
412922
414256
439248
442473
451813
453650
477659
479233
490639
507105
515206
525680
528693
560343
571387
578351
585800
594405
613093
619097
625403
629185
636382
645606
651592
656007
660531
666533
690949
709396
715581
719198
731164
745019
757951
766001
817008
865732
887238
902741
954247
959423
965788
970019
978456
987385
1043921
1092089
1130380
1130985
1148272
1159824
1172074
1200389
1220035
1222500
1241901
1297031
1298525
1312995
1327143
1358760
1422730
1436276
1438211
1470962
1473093
1490313
1491221
1495457
1514536
1514822
1522434
1525161
1557576
1592792
1597491
1623232
1647819
1697308
1708164
1721566
1731863
1743302
1746398
1754290
1757685
1796824
1817150
1827579
1836432
1859276
1862197
1879157
1886646
1937764
1942529
1977782
1983238
1986235
2034062
2035531
2039646
2041444
2063791
2071097
2114151
2119724
2131390
2135621
2154566
2158827
2160180
2174943
2208487
2209902
2229113
2250597
2251465
2262831
2266399
2267693
2277308
2278962
2280592
2300812
2347318
2368194
2381721
2390292
2409373
2436661
2446538
2450565
2467037
2484275
2487565
2515177
2522226
2532450
2540771
2555704
2592858
2594036
2604124
2604456
2621226
2627843
2635280
2674909
2730749
2757827
2769504
2797459
2808577
2816079
2848987
2871825
2896943
2897783
2901986
2912304
2913195
2918822
2920623
2933763
2968446
2969379
2988077
3028788
3033968
3037036
3064853
3098432
3109841
3143871
3148282
3151480
3154957
3169263
3170206
3197783
3204943
3221949
3223425
3227625
3245756
3248576
3258308
3263531
3283292
3287872
3294230
3330708
3349286
3362494
3376502
3382468
3396077
3408500
3409916
3410548
3414853
3419645
3500537
3506367
3533534
3549283
3552037
3555723
3557537
3559268
3579756
3614007
3656201
3658141
3661189
3665831
3692962
3701164
3701394
3709749
3741108
3776234
3795724
3806648
3811522
3844887
3851630
3857468
3870907
3878455
3913460
3931382
3997702
4004444
4022845
4023644
4027993
4032630
4050590
4063281
4064422
4075042
4087742
4088132
4094703
4102777
4115144
4131548
4138190
4145210
4180073
4204332
4218859
4251286
4289112
4313962
4315288
4343650
4351309
4383179
4391406
4408224
4423448
4429691
4457041
4462570
4465668
4475601
4477961
4486131
4495831
4520903
4531850
4537041
4554750
4555362
4558593
4561737
4587993
4592455
4614295
4623879
4629220
4629428
4660119
4663121
4669440
4710467
4713397
4762479
4776013
4806738
4829490
4880643
4924671
5036653
5051282
5058139
5071614
5092629
5118753
5127760
5147596
5151075
5172558
5182754
5191827
5198170
5254055
5258563
5267766
5277330
5277748
5294336
5310013
5335587
5339602
5346162
5347414
5367861
5370804
5372110
5383407
5388517
5399142
5411397
5419665
5451832
5460162
5464906
5470792
5473099
5474057
5475739
5490470
5492092
5507818
5520487
5523626
5541469
5562339
5574778
5589885
5594993
5619522
5627051
5652585
5672097
5694683
5713244
5726334
5729191
5737024
5773012
5776881
5817908
5825024
5831902
5836941
5858956
5867942
5868144
5897398
5939578
5940360
5941627
5950119
5963377
5963989
6012024
6012924
6021809
6034764
6048110
6083263
6104865
6145691
6212581
6227330
6264235
6310274
6321429
6326307
6340133
6340954
6373996
6374708
6390088
6404563
6443834
6464280
6495039
6506809
6516070
6535530
6543872
6566460
6585911
6595079
6598107
6633658
6658956
6676766
6711594
6731623
6731884
6739494
6753477
6761508
6828851
6862241
6886137
6892307
6935711
7005248
7044586
7047847
7056566
7057052
7070104
7072576
7073493
7102296
7129563
7138649
7156422
7160303
7166603
7182632
7193555
7201670
7242865
7250901
7286066
7317855
7338378
7338381
7352718
7360355
7395603
7404616
7408462
7413347
7427699
7428895
7493890
7494801
7500354
7506824
7526613
7562402
7568986
7590824
7641139
7676573
7715021
7734518
7750899
7751564
7757011
7763949
7774360
7781016
7837714
7840476
7859663
7881495
7893527
7903474
7913066
7930532
7937464
7972776
8016022
8047903
8048339
8071581
8072890
8100686
8118676
8132145
8140565
8164524
8177037
8219130
8219555
8234695
8268402
8306341
8324654
8335105
8347837
8412438
8470829
8509839
8510018
8513523
8543660
8553559
8572594
8584645
8607459
8613962
8617432
8619238
8646660
8659142
8667106
8697008
8703091
8712190
8712655
8720443
8746117
8764753
8798695
8826744
8838945
8884901
8888395
8892555
8905570
8915678
8919365
8948206
8960114
8987055
8989309
9004378
9033729
9102407
9123558
9124776
9149563
9173021
9197229
9198674
9279850
9303593
9318470
9360625
9361789
9374939
9466189
9483947
9525319
9541574
9552368
9578409
9584470
9602425
9636079
9707574
9723561
9726132
9752882
9769148
9855258
9919557
9927977
9941345
9947362
10029674
10034717
10102580
10317803
10366934
10404213
10411355
10412728
10418482
10423633
10452215
10471316
10482450
10509462
10542652
10582305
10590498
10630774
10631792
10658487
10673595
10687109
10802556
10814407
10815235
10830072
10846082
10847957
10875293
11009195
11036560
11044915
11048610
11104225
11106019
11191719
11214976
11224602
11229830
11428671
11461027
11497538
11523458
11533389
11582355
11602308
11607597
11643000
11656356
11684799
11726070
11790165
11794365
11829972
11831037
11850515
11853005
11857776
11863125
11866155
11875096
11899862
11911884
11924584
11926952
11935464
11957930
12018124
12021969
12038990
12046163
12062734
12065201
12066188
12087037
12103451
12119841
12125666
12141743
12163326
12207147
12213892
12262559
12266429
12296161
12345710
12348488
12370860
12377130
12386914
12410755
12423818
12426259
12455953
12470989
12500388
12544997
12565363
12605493
12615130
12645060
12690831
12702328
12761511
12784587
12786105
12812876
12855286
12869432
12889593
12892061
12901810
12901833
12949753
12980466
12983433
13028718
13046018
13144115
13158351
13223687
13295724
13310449
13336384
13337638
13391419
13392683
13460227
13486613
13540198
13567072
13578671
13583496
13593941
13607511
13630265
13671345
13673150
13677983
13733223
13733573
13746553
13781492
13792369
13828893
13839848
13848877
13859381
13903896
13933871
13962324
13971189
14007705
14015349
14071523
14075852
14077210
14084127
14118364
14158259
14165351
14165935
14177229
14187276
14219976
14283518
14348946
14384875
14388041
14393080
14477665
14497353
14559433
14583979
14596642
14600423
14640474
14713018
14742458
14742547
14774918
14824855
14839486
14839865
14849465
14970639
15031820
15083527
15109242
15260099
15261656
15291322
15292583
15299715
15300993
15313200
15341933
15360155
15362975
15372100
15381995
15411052
15418103
15430482
15541587
15627317
15637634
15646328
15648899
15675102
15681100
15693446
15700856
15720054
15732209
15807241
15808448
15827418
15837073
15838362
15887582
15907111
16019556
16045389
16103398
16106434
16107347
16107408
16154766
16156439
16217132
16217633
16252313
16253804
16281091
16295705
16299075
16299450
16356847
16358590
16368462
16398734
16438479
16539685
16542274
16555774
16595130
16637774
16642617
16675225
16678259
16699473
16699580
16724382
16738053
16801627
16807154
16821476
16892863
16969004
17002183
17015276
17024712
17035883
17039455
17057247
17091455
17225207
17259369
17306046
17416618
17420619
17428278
17431498
17435232
17435827
17438571
17521844
17661106
17667273
17726735
17730588
17735848
17740349
17760119
17780103
17840932
17876861
17899508
17905948
17909841
17946531
17968090
18035487
18059900
18069385
18078286
18105659
18111029
18142041
18174871
18182000
18244194
18265855
18269569
18302271
18328130
18348286
18372949
18389951
18393867
18394207
18476091
18479379
18506426
18532282
18564846
18568231
18578837
18585969
18595955
18603649
18612815
18629031
18632496
18649845
18666490
18697684
18754566
18780014
18810116
18830233
18838479
18862306
18926370
18935441
18936507
19041663
19052689
19059452
19106181
19130836
19132983
19152009
19180666
19245765
19256422
19298483
19437621
19460829
19521679
19531783
19568485
19611438
19628287
19637175
19640144
19643768
19721643
19725854
19757737
19793029
19802077
19905937
19915094
19925385
20003024
20007985
20011623
20050409
20055513
20097727
20160421
20191617
20210977
20233435
20249991
20253131
20270646
20294979
20317113
20400908
20401070
20402475
20417000
20422531
20436658
20442001
20442890
20449998
20456970
20467651
20473174
20517292
20527671
20529282
20531107
20546162
20561394
20574539
20584750
20623919
20673139
20683678
20735916
20782258
20790574
20821571
20831055
32887
36419
40259
48205
50009
52702
66809
84960
156411
164698
166203
209803
218996
242274
254668
264357
275363
276227
286345
288225
315389
317406
364883
368647
388665
402546
407602
412922
414256
439248
442473
451813
453650
477659
479233
490639
507105
515206
525680
528693
560343
571387
578351
585800
594405
613093
619097
625403
629185
636382
645606
651592
656007
660531
666533
690949
709396
715581
719198
731164
745019
757951
766001
817008
865732
887238
902741
954247
959423
965788
970019
978456
987385
1043921
1092089
1130380
1130985
1148272
1159824
1172074
1200389
1220035
1222500
1241901
1297031
1298525
1312995
1327143
1358760
1422730
1436276
1438211
1470962
1473093
1490313
1491221
1495457
1514536
1514822
1522434
1525161
1557576
1592792
1597491
1623232
1647819
1697308
1708164
1721566
1731863
1743302
1746398
1754290
1757685
1796824
1817150
1827579
1836432
1859276
1862197
1879157
1886646
1937764
1942529
1977782
1983238
1986235
2034062
2035531
2039646
2041444
2063791
2071097
2114151
2119724
2131390
2135621
2154566
2158827
2160180
2174943
2208487
2209902
2229113
2250597
2251465
2262831
2266399
2267693
2277308
2278962
2280592
2300812
2347318
2368194
2381721
2390292
2409373
2436661
2446538
2450565
2467037
2484275
2487565
2515177
2522226
2532450
2540771
2555704
2592858
2594036
2604124
2604456
2621226
2627843
2635280
2674909
2730749
2757827
2769504
2797459
2808577
2816079
2848987
2871825
2896943
2897783
2901986
2912304
2913195
2918822
2920623
2933763
2968446
2969379
2988077
3028788
3033968
3037036
3064853
3098432
3109841
3143871
3148282
3151480
3154957
3169263
3170206
3197783
3204943
3221949
3223425
3227625
3245756
3248576
3258308
3263531
3283292
3287872
3294230
3330708
3349286
3362494
3376502
3382468
3396077
3408500
3409916
3410548
3414853
3419645
3500537
3506367
3533534
3549283
3552037
3555723
3557537
3559268
3579756
3614007
3656201
3658141
3661189
3665831
3692962
3701164
3701394
3709749
3741108
3776234
3795724
3806648
3811522
3844887
3851630
3857468
3870907
3878455
3913460
3931382
3997702
4004444
4022845
4023644
4027993
4032630
4050590
4063281
4064422
4075042
4087742
4088132
4094703
4102777
4115144
4131548
4138190
4145210
4180073
4204332
4218859
4251286
4289112
4313962
4315288
4343650
4351309
4383179
4391406
4408224
4423448
4429691
4457041
4462570
4465668
4475601
4477961
4486131
4495831
4520903
4531850
4537041
4554750
4555362
4558593
4561737
4587993
4592455
4614295
4623879
4629220
4629428
4660119
4663121
4669440
4710467
4713397
4762479
4776013
4806738
4829490
4880643
4924671
5036653
5051282
5058139
5071614
5092629
5118753
5127760
5147596
5151075
5172558
5182754
5191827
5198170
5254055
5258563
5267766
5277330
5277748
5294336
5310013
5335587
5339602
5346162
5347414
5367861
5370804
5372110
5383407
5388517
5399142
5411397
5419665
5451832
5460162
5464906
5470792
5473099
5474057
5475739
5490470
5492092
5507818
5520487
5523626
5541469
5562339
5574778
5589885
5594993
5619522
5627051
5652585
5672097
5694683
5713244
5726334
5729191
5737024
5773012
5776881
5817908
5825024
5831902
5836941
5858956
5867942
5868144
5897398
5939578
5940360
5941627
5950119
5963377
5963989
6012024
6012924
6021809
6034764
6048110
6083263
6104865
6145691
6212581
6227330
6264235
6310274
6321429
6326307
6340133
6340954
6373996
6374708
6390088
6404563
6443834
6464280
6495039
6506809
6516070
6535530
6543872
6566460
6585911
6595079
6598107
6633658
6658956
6676766
6711594
6731623
6731884
6739494
6753477
6761508
6828851
6862241
6886137
6892307
6935711
7005248
7044586
7047847
7056566
7057052
7070104
7072576
7073493
7102296
7129563
7138649
7156422
7160303
7166603
7182632
7193555
7201670
7242865
7250901
7286066
7317855
7338378
7338381
7352718
7360355
7395603
7404616
7408462
7413347
7427699
7428895
7493890
7494801
7500354
7506824
7526613
7562402
7568986
7590824
7641139
7676573
7715021
7734518
7750899
7751564
7757011
7763949
7774360
7781016
7837714
7840476
7859663
7881495
7893527
7903474
7913066
7930532
7937464
7972776
8016022
8047903
8048339
8071581
8072890
8100686
8118676
8132145
8140565
8164524
8177037
8219130
8219555
8234695
8268402
8306341
8324654
8335105
8347837
8412438
8470829
8509839
8510018
8513523
8543660
8553559
8572594
8584645
8607459
8613962
8617432
8619238
8646660
8659142
8667106
8697008
8703091
8712190
8712655
8720443
8746117
8764753
8798695
8826744
8838945
8884901
8888395
8892555
8905570
8915678
8919365
8948206
8960114
8987055
8989309
9004378
9033729
9102407
9123558
9124776
9149563
9173021
9197229
9198674
9279850
9303593
9318470
9360625
9361789
9374939
9466189
9483947
9525319
9541574
9552368
9578409
9584470
9602425
9636079
9707574
9723561
9726132
9752882
9769148
9855258
9919557
9927977
9941345
9947362
10029674
10034717
10102580
10317803
10366934
10404213
10411355
10412728
10418482
10423633
10452215
10471316
10482450
10509462
10542652
10582305
10590498
10630774
10631792
10658487
10673595
10687109
10802556
10814407
10815235
10830072
10846082
10847957
10875293
11009195
11036560
11044915
11048610
11104225
11106019
11191719
11214976
11224602
11229830
11428671
11461027
11497538
11523458
11533389
11582355
11602308
11607597
11643000
11656356
11684799
11726070
11790165
11794365
11829972
11831037
11850515
11853005
11857776
11863125
11866155
11875096
11899862
11911884
11924584
11926952
11935464
11957930
12018124
12021969
12038990
12046163
12062734
12065201
12066188
12087037
12103451
12119841
12125666
12141743
12163326
12207147
12213892
12262559
12266429
12296161
12345710
12348488
12370860
12377130
12386914
12410755
12423818
12426259
12455953
12470989
12500388
12544997
12565363
12605493
12615130
12645060
12690831
12702328
12761511
12784587
12786105
12812876
12855286
12869432
12889593
12892061
12901810
12901833
12949753
12980466
12983433
13028718
13046018
13144115
13158351
13223687
13295724
13310449
13336384
13337638
13391419
13392683
13460227
13486613
13540198
13567072
13578671
13583496
13593941
13607511
13630265
13671345
13673150
13677983
13733223
13733573
13746553
13781492
13792369
13828893
13839848
13848877
13859381
13903896
13933871
13962324
13971189
14007705
14015349
14071523
14075852
14077210
14084127
14118364
14158259
14165351
14165935
14177229
14187276
14219976
14283518
14348946
14384875
14388041
14393080
14477665
14497353
14559433
14583979
14596642
14600423
14640474
14713018
14742458
14742547
14774918
14824855
14839486
14839865
14849465
14970639
15031820
15083527
15109242
15260099
15261656
15291322
15292583
15299715
15300993
15313200
15341933
15360155
15362975
15372100
15381995
15411052
15418103
15430482
15541587
15627317
15637634
15646328
15648899
15675102
15681100
15693446
15700856
15720054
15732209
15807241
15808448
15827418
15837073
15838362
15887582
15907111
16019556
16045389
16103398
16106434
16107347
16107408
16154766
16156439
16217132
16217633
16252313
16253804
16281091
16295705
16299075
16299450
16356847
16358590
16368462
16398734
16438479
16539685
16542274
16555774
16595130
16637774
16642617
16675225
16678259
16699473
16699580
16724382
16738053
16801627
16807154
16821476
16892863
16969004
17002183
17015276
17024712
17035883
17039455
17057247
17091455
17225207
17259369
17306046
17416618
17420619
17428278
17431498
17435232
17435827
17438571
17521844
17661106
17667273
17726735
17730588
17735848
17740349
17760119
17780103
17840932
17876861
17899508
17905948
17909841
17946531
17968090
18035487
18059900
18069385
18078286
18105659
18111029
18142041
18174871
18182000
18244194
18265855
18269569
18302271
18328130
18348286
18372949
18389951
18393867
18394207
18476091
18479379
18506426
18532282
18564846
18568231
18578837
18585969
18595955
18603649
18612815
18629031
18632496
18649845
18666490
18697684
18754566
18780014
18810116
18830233
18838479
18862306
18926370
18935441
18936507
19041663
19052689
19059452
19106181
19130836
19132983
19152009
19180666
19245765
19256422
19298483
19437621
19460829
19521679
19531783
19568485
19611438
19628287
19637175
19640144
19643768
19721643
19725854
19757737
19793029
19802077
19905937
19915094
19925385
20003024
20007985
20011623
20050409
20055513
20097727
20160421
20191617
20210977
20233435
20249991
20253131
20270646
20294979
20317113
20400908
20401070
20402475
20417000
20422531
20436658
20442001
20442890
20449998
20456970
20467651
20473174
20517292
20527671
20529282
20531107
20546162
20561394
20574539
20584750
20623919
20673139
20683678
20735916
20782258
20790574
20821571
20831055
20859813
20873954
20881497
20901399
20922861
20940433
21006600
21025407
21026052
21050086
21075978
21078222
21102032
21126724
21152386
21155523
21188624
21190848
21207734
21233854
21242699
21258879
21271413
21335225
21341807
21352590
21370364
21441901
21452699
21473426
21488664
21521445
21543275
21564109
21681508
21698184
21700769
21716498
21753857
21763008
21770990
21780412
21832519
21832611
21841851
21893325
21913520
21926471
21933456
22008315
22059400
22079607
22096968
22100191
22103282
22166786
22181147
22182967
22240018
22248349
22252332
22300666
22310297
22331475
22352602
22398183
22406377
22416941
22443960
22450107
22524200
22535639
22551085
22686413
22724469
22724844
22754548
22765773
22827733
22866531
22912760
22917911
22943770
23010846
23050812
23069645
23072615
23144248
23338908
23343067
23481333
23488710
23508059
23523845
23529141
23532681
23546079
23550787
23592884
23599972
23622428
23633821
23651270
23681615
23694517
23727954
23785866
23786032
23812502
23962174
23962452
23972170
23978114
23979329
24016853
24110205
24121378
24146971
24204500
24281517
24283072
24304364
24327369
24331903
24445255
24453332
24490784
24502410
24619551
24635656
24713187
24749808
24778635
24779420
24832389
24873576
24914363
25012335
25026330
25051723
25129866
25174710
25202095
25223445
25235642
25248819
25366138
25397350
25462034
25463113
25535065
25568296
25611247
25629309
25781531
25788965
25855523
25876992
25912171
25912982
26146127
26319795
26368319
26514199
26521714
26551434
26599014
26616588
26632155
26655619
26688172
26737540
26744409
26752770
26768556
26791502
26875710
26899827
26938797
26939486
26944795
26996100
26998463
27150193
27163416
27172188
27175956
27235989
27286311
27291220
27461072
27469999
27498071
27552430
27572445
27743290
27756444
27778383
27783679
27864281
27915531
27978741
28027239
28108650
28131954
28173298
28262938
28282493
28303795
28349413
28403292
28479179
28506330
28548329
28578887
28580770
28596130
28672248
28724346
28795688
28924307
28937786
29039686
29080160
29083805
29138885
29217882
29258050
29264959
29272065
29295287
29376559
29379224
29385765
29409501
29430792
29443460
29451991
29455573
29471278
29474911
29541093
29541462
29546282
29576296
29592217
29676039
29677117
29702332
29816522
29845796
30128576
30183161
30198285
30217143
30220668
30335798
30345306
30362770
30364251
30390583
30427327
30475134
30479290
30499465
30501260
30612316
30621135
30687545
30833234
30895558
30907859
30916251
31073143
31178901
31198610
31247768
31311673
31338611
31339093
31343964
31420434
31432287
31497637
31576284
31645411
31721509
31769202
31825358
31848412
31874655
31875532
31895222
31902739
31961995
32001970
32029869
32035701
32107186
32133996
32137111
32153279
32163407
32168793
32219185
32301472
32328666
32383472
32385146
32392604
32421212
32428260
32458066
32511702
32536242
32584943
32607931
32616559
32628816
32639300
32655294
32693207
32718098
32752741
32790793
32923042
32935273
32964836
33024138
33061109
33084358
33126021
33184754
33218580
33248034
33269895
33274308
33293512
33342609
33385948
33441110
33611737
33630740
33647444
33689498
33762954
33777510
33845368
33847057
33907322
33922840
34034428
34053055
34080340
34100190
34156038
34177046
34184567
34222564
34254316
34261986
34324617
34342582
34348858
34490383
34613047
34617771
34715304
34858515
34902862
35055918
35058668
35065797
35073633
35118436
35153776
35310071
35313094
35320059
35387691
35427608
35437944
35524448
35530991
35598539
35604010
35635334
35691668
35701961
35733154
35956024
36126674
36298019
36416619
36470504
36478777
36483437
36601715
36604209
36620811
36620896
36624367
36638746
36732972
36756707
36827243
36863607
36953163
37037678
37095914
37205158
37216455
37262859
37385231
37531744
37534844
37607861
37611333
37623170
37640652
37642785
37667547
37682617
37683279
37768674
37885532
37921187
38064437
38165825
38167181
38197990
38218907
38239134
38325504
38380289
38511190
38604928
38650342
38690801
38761620
38810495
38937906
38961627
39094492
39111764
39190939
39211300
39211674
39230094
39249702
39256938
39264231
39299398
39316905
39411620
39532792
39608984
39730790
39876759
39944557
40026775
40105658
40196462
40214450
40217308
40337637
40343459
40419473
40422225
40549372
40549571
40607104
40773883
40898559
41098337
41222638
41286255
41389835
41389885
41586580
41657559
41716270
41744363
41760401
41835552
41848710
41858494
41903313
42157713
42203794
42249138
42309441
42418782
42466854
42506607
42531157
42542795
42652792
42840194
42845244
42940845
42946563
43023856
43047582
43241451
43337951
43359099
43476351
43522412
43599170
43644740
43660981
43778011
43822554
44030288
44054658
44102201
44104348
44155927
44169889
44198546
44236423
44252055
44268915
44320059
44410371
44414780
44425327
44650157
44652893
44754034
44807781
44830763
44841077
44913459
44959246
45056885
45083962
45100857
45217649
45251441
45268622
45430794
45497436
45534744
45586989
45630489
45719781
45848219
46019969
46072644
46088259
46208323
46354363
46592367
46702493
47054907
47213880
47257962
47283930
47361978
47399390
47445368
47473061
47497259
47525603
47619965
47686146
47724562
47922124
48190129
48221895
48310527
48380375
48419983
48580249
48700785
48720990
48726991
48835853
48917692
49028978
49228909
49347159
49393935
49414916
49455363
49477156
49496670
49578410
49677241
49702269
49719796
49725235
49745263
49797621
49804708
49819948
49859386
49874751
50045646
50071559
50089944
50166355
50192979
50204202
50211161
50221816
50244182
50299821
50329900
50343799
50344626
50419267
50458362
50498212
50529553
50584106
50596564
50597020
50602786
50618455
50649253
50710161
51078173
51272109
51348495
51382767
51443819
51446473
51599264
51601372
51809126
51817036
51919626
51967385
51983861
52087198
52121525
52351058
52363888
52411035
52464752
52493011
52619745
52708021
52710514
52714274
52859620
52864049
52940491
53052573
53221584
53275353
53300533
53374578
53424749
53570050
53585960
53611601
53617178
53635510
53646612
54014008
54124087
54230401
54262303
54282014
54362215
54385634
54398320
54520480
54544709
54569287
54661668
54668591
54686486
54686861
54719417
54723230
54812346
54817462
54849758
54888004
54912520
55008219
55043283
55076298
55092042
55200477
55263445
55377680
55418727
55426409
55448566
55458648
55477951
55491039
55497263
55536510
55551228
55627743
55686539
55785411
55924165
56012079
56019256
56019782
56041671
56044005
56054040
56114555
56156198
56170234
56300420
56323831
56345154
56361291
56384209
56583397
56727846
56766350
56783324
56797895
56901155
57021594
57237711
57272460
57339830
57407872
57442765
57533575
57547069
57764283
57813777
57817877
57822525
57894434
58036303
58049399
58051363
58123756
58151796
58189675
58270590
58332164
58364199
58369446
58374886
58376048
58408194
58413459
58416999
58491507
58584031
58597938
58612701
58695898
58707667
58834615
58876901
58925846
58957416
59014564
59035972
59116126
59157551
59290762
59329900
59422363
59569798
59618450
59627120
59635478
59651654
59671496
59681667
59786713
59791887
59876567
59988116
60018393
60135744
60237704
60281073
60353145
60374366
60387488
60419772
60432449
60549234
60570342
60586702
60592231
60713040
60826016
60938959
61070029
61100931
61119262
61155627
61227770
61332196
61372548
61405365
61573767
61588681
61744277
61753891
61797732
61827751
62073639
62084387
62153710
62206902
62251318
62288693
62369621
62428365
62435969
62464220
62521860
62577523
62624431
62687473
62722927
62745331
62931572
62936970
63080367
63096762
63156257
63239126
63365269
63460599
63540899
63556050
63607470
63638909
63685665
63700734
63734606
63863584
63908283
63934394
63940233
63962663
64259389
64320768
64332882
64337099
64355926
64364235
64388696
64490151
64512341
64517168
64536413
64581359
64584125
64587440
64678696
64684703
64755378
64974077
65005346
65163018
65247966
65299942
65312596
65340628
65370953
65429511
65529951
65538310
65646043
65682146
65759515
65832425
65846537
65906237
66022303
66086378
66131784
66289870
66357849
66413667
66419375
66569613
66902646
66989912
67101947
67142132
67232615
67289263
67292588
67351014
67402733
67419632
67496229
67516367
67617592
67624920
67685257
67693529
67901342
67921283
68019839
68096376
68121312
68126614
68127124
68159116
68234289
68251042
68305722
68306099
68383679
68401272
68461881
68524345
68531007
68552801
68553827
68596775
68761087
68797191
68800828
68813267
68819988
68886399
68900773
68960391
68975440
69018043
69021541
69064356
69071271
69156310
69183321
69206900
69220412
69263074
69275921
69336092
69413516
69462533
69509288
69538768
69573647
69658429
69829517
69881622
69884704
69976313
70129971
70210535
70295449
70300985
70339799
70376209
70390740
70429932
70554715
70559448
70591350
70624638
70725588
70733663
70765987
70768215
70861476
70882701
71005572
71018069
71035541
71044341
71059000
71067142
71117494
71194586
71273385
71360095
71404064
71592825
71606523
71626998
71645105
71657382
71665560
71679184
71751595
71754960
71756257
71788198
71791119
71827955
72023914
72056382
72069613
72105447
72157076
72543802
72580717
72584032
72585943
72588913
72647255
72701475
72710443
72721803
72770189
72941120
72955350
73070728
73087790
73091555
73131551
73286743
73306013
73370276
73418506
73440222
73550635
73580835
73641246
73683785
73796236
73802734
73884206
73913213
74038777
74088045
74143431
74391851
74420046
74590726
74662796
74667500
74825159
74989416
75007512
75177756
75256412
75323446
75341535
75343548
75537102
75600681
75620853
75713038
75822833
75894717
75895714
75912083
75915493
76009096
76071564
76097325
76169184
76186123
76258692
76317083
76347128
76367130
76427079
76458802
76510481
76577796
76626602
76644236
76650465
76675255
76815197
76884874
76888863
77018161
77175500
77394763
77409693
77546550
77578052
77613711
77684335
77691559
77708922
77768083
77789950
77812782
78138037
78200562
78691832
78692115
78768877
78772366
78842779
78864219
78884026
78888963
78944939
79012656
79071495
79136230
79244667
79281233
79332770
79370071
79389367
79439836
79573285
79694255
79697105
79764392
79904551
79978547
80107396
80231918
80352974
80503813
80586090
80649914
80731955
80776481
80895629
80950776
80980617
81017251
81166678
81175241
81215581
81219180
81293999
81294482
81313026
81371791
81478713
81489433
81577676
81981051
82142204
82220800
82348993
82376524
82384848
82466590
82482377
82514425
82552148
82612534
82679419
82728130
82897026
82951695
83071768
83154365
83430603
83458714
83582085
83733877
84163109
84246542
84274899
84310859
84414764
84418853
84422611
84585363
84728519
84745923
84796691
84877430
84907614
85043190
85112861
85310090
85333819
85352255
85381598
85408384
85463636
85567947
85641778
85653840
85809479
85860629
86187180
86225927
86311727
86317673
86448962
86456725
86461341
86480551
86585439
86600921
86706550
86829804
86849285
86903168
87036887
87151325
87234646
87246457
87277082
87337900
87388873
87403233
87404447
87526685
87572743
87639984
87664168
87718792
87759711
87762774
88064085
88099488
88113274
88304948
88356175
88374386
88381140
88476197
88548268
88555097
88742774
88830160
88894356
88987478
89098903
89174746
89194709
89296191
89366106
89484238
89511576
89673451
89676170
89758328
89769198
89821916
90027835
90091788
90146769
90235641
90242347
90276031
90497589
90656685
90691945
90731298
90861240
90901423
90966957
91105501
91120048
91289530
91290238
91422663
91464262
91597638
91605032
91634777
91651873
91737630
91868419
91887648
92093230
92125270
92132985
92167234
92186650
92260126
92305021
92442400
92456103
92456851
92473123
92517243
92592421
92670145
92768307
92893902
92953647
93091520
93097761
93138103
93197444
93207238
93246547
93295268
93310720
93369760
93494002
93580756
93583951
93613720
93827253
93890524
93936731
94039552
94110816
94232041
94248202
94281645
94372927
94394075
94570142
94598189
94656071
94711996
94893912
94904117
94912654
94985025
95031707
95119874
95122054
95320976
95563662
95566327
95572424
95601398
95721590
95798631
95870334
95901487
96040412
96074150
96152647
96171493
96276669
96283552
96515306
96517659
96536816
96539430
96591999
96640787
96672434
96691884
96710646
96750819
96798867
96873229
96995041
97237039
97284392
97330832
97401495
97528682
97674128
97869262
97920445
97935338
97976465
98010102
98020828
98052719
98154249
98312259
98373293
98798068
99003546
99014687
99032949
99087952
99105623
99199254
99238390
99310494
99325407
99451293
99463345
99530872
99642218
99669147
100036254
100038061
100039074
100047548
100105527
100137818
100407530
100410060
100485657
100495952
100498611
100505222
100532457
100651604
100664560
100838253
101160346
101423145
101578456
101923571
102009840
102027667
102050988
102150696
102159812
102203193
102332545
102380145
102486447
102509618
102617632
102800504
103086239
103088177
103178479
103181899
103248523
103312479
103323406
103359010
103368857
103371222
103392640
103415774
103491053
103496685
103535348
103670296
103777518
103963586
103973154
104057784
104065428
104119755
104126119
104241814
104293840
104459484
104495884
104688288
104902709
104989670
104997417
105119361
105169908
105395674
105420798
105451840
105649588
105723464
105890771
105906305
106033031
106138306
106231742
106264685
106409101
106512988
106545764
106678492
106730757
107090495
107184919
107239655
107308009
107316309
107330081
107363906
107664150
107664788
107700671
108008772
108074576
108196358
108284489
108450336
108641911
108759879
108792120
109354977
109381129
109398249
109400385
109501446
109521779
109588480
109597718
109635966
109780596
109796671
110551764
110602837
110951896
111151106
111573730
111628167
111660920
111910958
111972172
111980201
112015079
112357895
112364043
112483805
112499913
112635533
112644092
112653053
112778688
112964832
113131195
113476415
113479451
113526776
113538232
113785804
114055001
114094213
114232205
114479674
114502921
114509177
114513058
114649826
114666626
114794377
114960465
114997581
115016584
115036106
115329624
115405328
115432698
115859686
115916407
115966117
115971848
115973494
116057721
116215606
116382251
116485597
116558379
116612206
116702023
116764804
116914187
117156134
117531593
117577426
117664918
117816934
117986626
118166898
118280311
118564519
118621875
118661663
118722434
118764703
118817414
118831983
118910780
119314521
119484439
119487429
119592975
119724333
119919804
119943605
119946463
120126935
120258551
120270183
120451174
120479244
120707247
120746914
120788718
120879346
120930685
120948563
120951863
121134717
121233750
121306311
121368116
121487373
121862974
121906555
121976363
121978902
122101552
122134349
122209669
122307400
122410175
122533448
122784998
122804442
123027341
123436694
123580691
123591448
123612197
123730439
123866113
123881848
123966242
124019799
124102189
124189398
124197603
124214794
124237025
124278816
124340346
124428383
124600422
124653030
124932380
124936077
125022637
125359184
125394983
125447353
125462080
125534422
125659140
125713444
125914639
126196611
126481973
126484262
126495157
126518705
126659404
126795145
127086630
127484321
127498615
127660955
127988422
128124767
128291164
128873758
128947301
129455827
129487122
129695496
130130879
130579230
130925599
131020604
131224265
131503822
131553118
131648995
131773891
131777824
131819807
131849453
131990303
132051912
132126267
132154094
132164617
132167176
132175677
132203744
132318601
132322680
132350009
132463171
132561902
132575722
132584320
132619215
132674667
132677540
132718267
132835891
132870820
132891157
132917464
133036044
133192753
133215075
133236081
133276569
133314114
133368043
133416320
133483223
133526992
133548955
133601559
133612145
133627725
133681429
133712455
133728399
133760617
133875666
134004280
134016376
134070988
134334710
134393908
134536063
134541229
134569635
134611597
134667735
134711699
134770040
134803218
134821593
134860096
134885768
134891469
135042709
135045351
135064135
135071145
135133652
135214761
135249060
135261318
135283331
135306740
135323896
135414773
135434355
135447609
135485568
135514816
135540294
135564468
135586841
135633260
135657573
135679605
135744846
135814240
135818162
135821130
135826323
135884702
135951923
135956012
135988943
136036595
136053499
136086468
136132190
136156951
136198332
136201519
136223693
136255818
136265812
136302337
136330286
136346596
136391264
136444028
136473004
136499712
136539700
136540808
136629824
136701943
136735610
136793847
136842013
136872480
136879394
136907430
136990496
137065794
137152582
137193802
137199410
137489803
137521137
137737060
137800903
137802716
137966571
138124184
138160240
138191458
138280588
138287680
138462194
138462511
138510408
138545617
138566149
138584788
138590317
138642999
138702538
138713468
138741265
138936459
138960559
138984189
139013299
139067741
139137188
139211208
139211815
139255432
139276648
139317378
139318348
139332483
139437292
139498102
139562390
139932658
140000797
140085232
140169969
140178399
140243843
140247964
140260443
140398490
140473938
140636248
140684806
140747960
140822807
140835091
140852708
141013293
141060114
141130729
141145883
141169952
141236891
141330919
141344927
141357493
141415700
141499593
141788044
141862622
141937751
142231596
142599921
142619955
142685679
143006737
143025773
143226692
143240324
143552834
143596261
143698206
143714538
143749847
143755440
143766274
143911676
144106963
144125105
144131827
144207109
144328722
144354147
144375476
144425990
144494122
144520491
144531444
144640717
144641507
144652958
144701563
144746597
144775049
144821617
144827939
144917487
144921324
144955861
145010417
145133030
145154238
145167979
145278664
145303558
145465883
145489477
145524967
145590654
145699774
145739271
145803581
145877463
145888496
146141168
146181610
146184728
146212104
146271672
146294777
146328132
146369249
146382637
146661549
146726905
146775920
146858539
147036954
147049018
147066132
147082202
147128578
147176601
147244937
147272956
147309962
147323166
147347259
147366454
147402864
147411707
147416108
147504585
147547960
147556867
147698286
147699209
147948726
148275251
148610788
148884992
149080888
149417218
150368032
150435538
150517248
150544546
150582356
150810392
150882519
150954869
150979964
150981730
151005850
151019014
151031346
151185561
151240219
151277966
151318846
151463509
151606837
151621976
151625434
151627959
151646392
151660068
151670614
151767850
151836313
151872599
151910250
151982874
152080340
152125944
152279705
152296521
152301496
152310329
152450434
152524408
152542768
152549190
152601223
152618447
152695734
152770997
152820806
152831991
152953888
153061287
153085624
153097675
153177480
153242221
153326173
153329296
153335906
153464718
153473738
153533945
153592080
153611356
153658196
153660077
153677428
153773839
153853195
153861109
153896986
153907649
153915847
153928211
153966156
153987778
154098340
154142177
154215346
154269387
154270530
154310174
154373415
154520771
154575681
154684792
154836125
154872762
155103765
155347713
155398812
155425011
155425250
155438639
155599715
155603106
155772779
155818491
155819393
155907914
155926264
156170482
156243195
156305493
156310915
156318195
156416107
156482441
156519054
156520723
156809488
156812125
156937548
156965896
156970034
157036693
157255516
157286639
157299468
157413578
157430499
157439071
157532363
157558895
157562156
157594368
157667319
157698561
157720812
157762153
157856886
157874013
157892267
157924070
158046285
158122348
158221430
158242331
158323766
158375590
158432889
158496541
158566978
158722236
158922876
159005928
159039735
159065984
159190546
159347605
159500576
159602617
159631134
159719191
159825848
159834519
159963101
159985835
159986409
159993589
160041777
160120866
160315374
160386786
160557608
160560493
160565398
160572970
160702100
160935335
160948403
160973146
161034133
161138014
161293909
161387358
161438731
161480815
161501478
161526734
161619676
161794258
161922849
161959354
162070130
162169396
162209161
162317387
162397358
162729422
162798185
162827638
163021553
163148020
163202378
163224869
163400762
163436809
163577588
163591898
163609080
163737932
163817146
163940951
163982536
163982996
163990844
164069016
164076434
164103916
164210688
164227946
164265885
164543869
164642309
164841887
164890267
164932331
165155308
165233192
165267431
165363705
165365699
165443947
165458376
165459188
165501724
165511478
165618199
165745426
165934862
165965767
165986801
166034107
166185185
166236397
166315914
166368903
166377307
166430912
166507769
166557395
166765974
167125135
167141056
167193518
167222959
167296197
167307521
167330034
167370501
167412613
167464245
167491553
167502482
167678436
167733374
167766659
167777826
167810791
167814433
167870646
167891479
167941003
167955584
168056166
168102902
168228315
168260263
168268321
168357231
168505089
168595685
168719609
168739503
168754721
168831385
168857834
168967965
169083250
169120490
169167453
169292467
169442659
169526108
169591251
169895369
169959765
170166178
170300827
170335191
170375641
170493604
170659572
170882593
170900961
170911558
170978627
170997879
171032929
171057051
171191243
171246523
171264928
171281106
171347867
171477388
171595774
171897041
171946153
172105986
172223566
172239908
172319157
172333307
172401229
172532573
172574087
172656944
172693326
172791729
172836124
172965995
172971593
172978272
173213625
173254796
173278319
173550466
173694932
173730072
173816669
173929249
174011056
174081147
174083142
174239892
174256517
174271920
174616385
175099822
175175075
175206073
175230698
175292497
175443516
175451715
175570244
175722380
175743800
175752191
175919929
175981473
176056084
176079192
176161957
176342126
176407703
176446135
176503101
176512708
176610422
176674765
176889612
177055236
177056484
177062256
177122878
177166328
177174992
177218435
177324279
177330569
177336689
177419925
177462591
177632724
178105084
178154543
178230188
178517167
178524670
178596176
178621772
178666663
178761004
178782314
178853577
178867636
178943377
178946079
179228649
179337448
179384467
179418422
179427075
179484929
179501357
179615097
179716272
179762297
179774935
179821070
179866628
179881334
180029128
180089352
180136410
180157371
180236503
180246638
180281786
180494666
180511366
180557799
180640116
180722221
181015517
181068422
181095540
181132102
181206961
181322616
181420121
181756526
181813607
181832343
181877933
181909575
182002971
182053531
182197262
182568237
182657668
182745015
182772869
182789713
182789778
182901411
183131361
183134325
183155338
183185702
183226173
183265976
183272610
183318859
183319986
183333723
183366872
183585651
183690656
183704717
183957002
183984366
184123914
184364690
184491720
184582605
184633093
184642205
184656277
184684088
184748886
185066101
185127275
185169205
185357265
185466806
185471290
185629685
185663469
185739867
185785473
185941564
185969445
186020277
186023397
186115630
186134505
186189025
186246032
186540997
186576460
186680379
186947898
187018153
187105462
187320125
187326725
187640686
187815697
188085493
188136063
188208120
188217128
188218461
188262233
188277799
188351477
188380431
188412351
188481652
188546981
188605239
188618228
188635333
188754573
188783994
188826063
188915769
188963923
189071519
189112776
189569663
189678850
189889898
189949721
190000959
190012558
190044246
190388212
190607027
190677215
190750015
190808327
190887931
190950134
191046027
191278653
191487339
191580390
191637442
191715051
191727346
191975446
192032950
192243018
192301798
192338453
192410953
192479907
192517425
192644109
193020850
193095827
193157838
193182816
193322934
193575845
193636013
193834249
194077514
194120293
194217427
194503244
194692891
194816271
194826119
194861548
194957578
194978420
195157107
195329785
195500171
195693077
195970061
196073293
196082108
196100448
196125616
196282595
196522356
196545438
196581585
196618098
196725156
196726280
196875710
196911094
196912166
197101749
197109698
197191865
197438084
197733713
197768020
197796602
198078046
198124731
198163537
198186341
198251519
198298360
198360024
198412612
198720520
198738637
198836069
198844885
198863101
198985070
199010583
199089818
199114610
199250621
199306335
199346394
199367853
199468856
199544143
199698524
199721019
199935855
200039926
200093082
200229223
200264322
200354698
200417072
200478302
200499842
200597595
200662832
200825346
200892558
201023230
201025193
201209014
201282924
201310237
201336145
201416314
201497533
201505494
201759645
201917842
201986803
202072080
202102616
202204469
202374234
202415033
202558574
202639647
202666988
202777762
202825890
202956934
203317438
203360452
203517909
203913074
203958602
204035274
204233097
204331129
204381275
204676116
204793507
204815608
205019414
205207739
205282071
205365675
205633496
205691222
205820355
205860814
205987423
206044143
206064325
206267207
206497499
206559579
206759681
206872073
206873474
206900290
207043735
207129376
207549895
207816804
207893023
207936216
207958620
208117503
208263534
208285847
208350358
208355533
208388191
208392884
208473830
208777717
208961911
208971035
209012174
209465292
209465570
209690591
210079293
210099821
210103424
210204306
210210109
210277929
210558191
210568857
210606299
210663263
210730287
210748949
211043234
211425954
211485844
211864269
212037490
212040927
212118675
212584463
212668076
212886442
212944995
213096023
213127573
213278189
213480820
213626015
213657774
213710014
213776863
214125575
214303535
214509970
214528963
214609156
214618638
214652980
214715075
214754708
214990443
215002089
215011796
215167919
215287511
215307355
215643016
215673349
215897630
215899138
215917639
216083494
216138377
216269360
216325275
216611469
216622050
216627603
216846831
216895241
216961829
216971574
217113929
217567328
217621264
217634322
217649101
217739312
217750412
218015516
218084982
218262068
218464259
218516536
218543059
218601623
218811742
218835399
218942358
218987406
219071365
219097562
219237410
219260686
219534985
219777464
219808284
220018161
220023582
220069061
220085919
220142118
220303472
220516646
220805953
220840501
221017417
221154268
221348898
221381772
221424900
221448614
221501586
221547293
221570205
221576083
221581155
221758784
221764208
221870430
221906693
221967352
222019245
222032616
222072225
222310117
222341089
222662901
222691572
222771818
222843198
223040250
223048544
223054187
223263759
223286809
223359438
223373178
223549507
223646753
223782803
223828531
224017620
224045162
224057250
224085206
224201774
224344454
224370541
224415277
224449091
224454788
224488902
224528596
224542088
224575605
224796707
224954185
225075261
225186655
225189902
225395162
225557901
225575970
225777182
225863969
226123216
226137947
226168429
226212700
226235257
226413044
226548955
226720241
226998497
227024283
227095898
227197932
227375787
227380953
227381835
227420532
227575035
227610672
227621619
227637023
227652181
227793052
227833178
227839103
228022915
228290034
228483149
228606092
228800701
228804845
228935691
229030639
229040881
229051678
229101394
229356420
229409161
229459444
229709803
229716388
229748219
229759072
229820348
229940033
229995275
230065674
230378522
230456800
230478155
230515987
230595109
230663972
230765569
230816492
230946477
231056898
231156929
231181792
231324414
231345529
231482133
231594726
231744786
231774892
231795640
232212821
232216386
232422536
232647091
232706346
232826561
232906545
233074452
233265641
233288619
233289854
233323685
233430230
233491351
233507086
233751081
233898815
234008329
234011064
234079732
234274129
234383928
234425573
234629949
234834516
235111794
235196509
235243357
235261919
235307757
235463830
235497074
235685881
235976570
236001360
236041595
236451496
236699323
236908984
236993221
237036380
237168861
237210264
237412599
237534003
237600158
237695187
237760698
237765398
237953765
237978020
238005927
238007465
238226291
238287432
238295184
238300314
238351916
238386861
238418103
238482537
238519103
238860695
238861427
238977166
239270836
239453224
239477240
239548913
239675155
239786342
239944500
240023978
240046922
240087147
240196613
240266031
240399278
240447130
240938946
241033251
241187241
241243361
241414571
241479427
241545057
241636914
241734409
241938346
242223441
242466900
242571995
242592341
242673669
242722587
242958185
243180723
243201250
243494527
243672511
243715361
243768578
243927190
243930559
244069331
244086873
244091495
244207331
244271159
244490762
244578871
244663960
244752076
244804147
244842951
245024608
245367296
245409189
245745669
245760994
245868873
245890840
245923577
246014671
246070511
246119624
246203767
246274004
246275796
246283562
246288029
246344807
246490869
246606958
246610600
246767646
246797522
247011614
247135977
247178427
247312219
247318092
247424056
247505900
247784135
248081059
248116218
248517836
248532330
248541344
248680066
248755067
248757888
248859194
249134181
249299596
249436971
249449677
249717551
250334890
250452939
251114697
251186206
251452577
251491963
251720292
251757215
251951710
252110872
252381626
252515490
252542464
252822092
252852257
252961140
253052867
253100298
253272169
253312681
253618341
253972020
254135589
254177375
254322275
254365348
254407505
254559896
254566547
254640782
254662612
254670869
254885685
254932819
255001118
255339494
255447714
256071866
256137397
256142025
256356271
256787305
257046728
257198555
257285911
257307379
257386836
257539872
257625504
257639467
257867550
258011830
258025446
258201754
258322470
258342203
258349844
258417173
258565325
258599283
258744070
258756632
258796018
258974898
259206445
259331774
259382429
259453529
259514802
259521358
259618195
259666827
259681188
259946108
260073587
260193391
260316248
260460658
260664385
260779221
260779509
260975953
261118457
261252299
261441908
261689379
261806724
261957637
262044544
262152426
262546352
262726694
262823091
262826641
262914316
262971657
263033660
263035105
263307418
263364846
263413074
263687507
263692632
263713121
263858474
264064133
264064256
264088783
264368489
264512258
264554130
264722340
264856916
265032162
265135243
265333298
265393156
265648525
265801598
266070528
266200737
266400784
266688288
266710498
266732114
266857399
266938283
267007229
267024056
267130554
267330108
267374722
267414779
267455864
267472756
267694598
267734868
267756567
267775778
267778267
268087641
268292634
268311415
268436808
268545490
268674778
268763873
268801762
269104659
269259917
269269610
269350890
269439518
269473334
269486938
269523553
269723894
269811096
269868376
269968020
269973873
270180120
270296052
270392898
270491663
270503293
270899459
271021635
271057029
271250158
271295401
271343409
271343989
271346864
271354451
271360494
271399646
271616537
271718551
271818206
271837310
271838393
271853640
271996733
272131070
272557174
272608211
272631673
272757161
272976715
273249465
273591818
273616820
273740236
273805410
273871437
273898062
274051389
274533803
274618903
275038756
275048309
275050291
275135346
275173844
275211913
275218591
275281850
275325883
275419749
275534323
275611365
275701861
275914738
275921548
275948572
275953460
276088600
276148995
276655927
276809887
276987774
277024556
277207670
277569840
277741928
277779497
277808632
277870068
277948542
278440613
278466122
278490298
278682488
278824743
278875736
278967826
279014525
279228154
279250054
279332490
279332853
279354089
279478478
279505217
279637855
279708008
279718862
279768722
279911135
280651513
280661053
280681221
280786127
280995459
281333703
281394337
281410799
281492154
281550100
281595438
281618944
281696567
282101784
282272637
282368947
282381556
282384781
282409582
282453527
282468284
282498663
282821153
282916491
282966578
283057958
283215723
283218613
283666673
283962872
284028072
284238880
284501809
284613715
284919046
284960385
285053641
285176537
285190833
285196036
285310882
285358622
285472045
285632708
285845785
285943681
285949395
286499088
286603807
286702139
286806848
286837130
286843967
287040430
287100741
287169973
287386022
287409435
287596872
287782363
287971095
287976663
288158415
288399221
288660087
288840236
288842193
288916795
288931685
289223168
289344334
289487913
289535223
289766087
289946487
290020113
290104640
290132409
290323156
290331632
290588010
290670206
290791634
290984580
291131113
291190478
291309280
291564616
291568528
291618417
291714872
291830991
291885201
292066893
292103015
292135784
292211133
292433334
292576176
292589813
292636948
292675497
292701122
292731256
292846139
293114781
293126537
293203358
293266928
293557553
293567572
293628892
293713737
293867735
293995703
294071053
294081672
294217139
294288862
294359842
294364300
294424601
294445405
294456610
294457316
294650748
294971351
295164400
295404461
295481018
295583419
295659009
295677160
295808712
295937193
296042159
296055106
296161239
296197866
296235560
296313937
296659443
296732505
296768446
296772630
296837775
297042899
297106845
297203379
297312289
297339959
297444146
297701077
297853948
298016871
298315658
298390669
298413105
298415024
298417648
298718066
298722898
298741682
299452841
299512173
299534422
299876069
299954131
300001367
300060257
300228096
300245989
300474412
300748512
300840035
301137661
301265482
301412234
301429657
301849624
301884748
302052106
302099711
302265054
302275747
302329887
302603439
302636072
302657151
302669831
302694436
302773733
302782743
302795425
303039814
303452327
303457120
303468726
303478288
303540113
303580609
303604957
303669635
303751916
303937683
304192640
304344540
304419568
304609641
304966015
305457062
305682928
305740890
306235151
306349823
306353332
306498571
307092792
307180647
307658455
307664858
307905175
308017157
308328220
308413313
308520012
308625664
308710785
308761456
309129707
309409027
309592366
309767482
309963392
310170654
310229007
310274697
310579636
310827972
311005809
311123300
311293087
311364919
311511824
311709270
312032619
312173440
312185034
312256956
312317511
312332543
312426202
312470845
312498042
312581121
312590938
312781715
312907536
313027706
313365029
313376366
313569292
313576721
313610769
314026128
314026725
314047186
314207310
314307154
314372689
314378093
314789757
314925741
315234740
315308390
315446343
315501606
315538736
315564702
315715164
315779159
316145346
316220962
316304062
316338222
316559544
316727249
316781113
316822346
316871378
316883114
316987075
317048313
317054117
317226650
317314444
317326847
317485420
317801518
318025454
318053013
318210835
318306635
318861692
319180610
319266799
319471607
319527328
319641003
319678275
320293602
320435209
320584545
320961587
320976864
321055790
321206232
321411502
321421527
321496362
321596105
321607185
321944641
322143442
322202397
322454771
322462567
322620140
322707137
322769003
322781811
322915938
323013142
323074668
323122452
323146510
323147361
323240163
323524369
323741142
324199349
324276451
324280140
324394470
324395086
324453604
324455374
324490069
324553245
324609833
325445226
325519421
325566950
325600280
325845210
325953453
326094324
326346123
326366270
326454905
326538367
326817140
327136949
327168998
327188316
327228670
327431184
327434541
327673361
327740814
327818660
327854379
327894558
327939734
328089928
328106885
328125792
328209948
328528087
328881821
329048454
329119750
329203617
329224358
329230205
329315714
329384805
329391578
329448422
329599450
329600315
329635908
329713807
330067241
330181543
330271802
330639730
330729485
330832902
330847358
330857188
330915428
331003449
331043695
331097841
331194561
331339322
331460058
331472757
331485761
331519230
331723985
331850609
331942292
331979094
332045913
332244183
332295957
332491302
332574219
332993811
333106677
333337399
333437736
333660844
333727333
333737647
333748692
333824114
333918081
333978801
334100138
334114906
334199023
334214815
334411368
334460235
334565727
334705127
334750468
334917498
334955801
335200541
335213423
335404849
335473039
335624576
335778715
335856844
335955153
336014554
336075751
336134426
336319138
336426388
336458479
336493054
336545665
336621163
336705044
336739728
336814069
337045338
337144395
337287849
337600414
337716627
337736767
337884272
337886974
338020401
338155554
338416949
338515207
338890149
338897069
339128605
339128710
339296119
339361500
339646148
339660550
339691080
340328924
340403627
340432232
340449825
340463979
340469327
340678251
340794892
340974415
340990761
341161469
341242437
341246130
341354104
341374378
341395184
341395476
341473553
341581527
341907770
342049871
342070771
342233177
342337275
342385154
342444006
342582927
342650290
342797186
342902901
342976745
343055149
343219334
343423056
343564663
343613184
343790407
344322765
344454715
344604108
344972651
345019460
345095993
345099044
345161410
345183406
345456244
345472136
345504554
345759746
345928443
346039082
346245669
346582648
346758917
346833337
346922934
347057589
347437381
347597707
347713342
347836974
348227666
348312754
348367235
348453981
348538252
348788117
348818386
348849352
348892877
348925286
349148514
349302055
349502334
350504019
350532323
351151515
351157151
352015913
352214447
352263752
352303603
352669380
353329691
353382656
353397526
353776465
353805798
353820797
353872385
353898856
353908504
353934995
354506540
354648797
354674666
354714707
354952779
354967486
355046353
355189439
355305202
355377734
355666929
355760183
355824566
355861000
355943921
356014759
356229573
356320669
356330895
356741173
356743529
356787833
356837724
356879561
356984121
357008189
357152087
357263783
357465300
357720955
357782808
357871036
357981988
358044911
358129615
358205566
358611077
358822427
358953575
358965473
359162377
359351317
359536520
359816667
359955843
360047565
360181657
360862296
360868674
361536262
361720199
361825981
362490329
363070205
363214725
363522265
363598840
363811914
364558813
364648541
365124233
365194961
365535957
365864489
365931248
366145290
366402247
367016216
367321694
367427776
367603644
367668480
367744685
367987311
368030321
368149618
368438250
368475056
368601314
368858318
368909949
368991779
369080922
369249979
369301412
369368539
369420955
369654391
369675158
369888628
369966105
370183304
370423528
370845541
370995425
371007977
371492643
371556536
371913052
371996091
372141178
372166138
372276525
372361956
372421009
372583478
372723708
372914544
373024005
373061337
373185373
373301926
373464956
373557606
373620740
373626504
373656505
373792971
373918330
373977106
374047781
374260607
374567110
374626683
374817443
375100850
375671873
376113708
376519349
376992999
377145710
377706113
378079667
378277977
378411189
378555134
378789989
379083345
379213792
379237671
379577112
379684195
379971352
380024161
380321540
380363512
380402832
380410916
380440127
380542289
380619374
380656715
380684813
380925908
381041654
381096752
381371063
381458747
381702094
381716352
381728700
381850688
381883594
382045999
382132218
382179337
382277707
382320440
382332382
382381649
382476269
382897700
383016044
383037352
383200218
383257553
383419240
383651186
383833167
384020428
384053305
384145438
384232422
384271776
384639215
384721017
384731991
385064303
385285298
385397167
385552561
385597688
385679954
385849800
385947253
386265309
386340122
386347862
386416803
386655173
386707610
386767732
387190307
387605442
387828333
387910311
388009574
388107658
388285621
388326686
388378215
388454493
388733856
388750058
388798615
389124310
389161550
389248732
389328051
389584573
389798290
389988445
390006043
390033418
390133057
390137682
390198653
390586861
390597228
390660356
390834119
390913024
391087262
391457039
391616146
391799646
392055640
392590680
392888989
393056033
393086468
393278935
393367575
393773332
393878423
394119254
394148131
394235820
394408031
394606499
394647109
394690182
394775243
395023029
395159343
395218176
395239685
395295190
395301259
395394493
396018983
396021110
396053777
396105259
396416757
396526323
396551818
396701001
396778302
396807790
397112961
397589130
397741397
397767477
398126302
398482106
399117098
399241818
399532440
399678501
399843321
399847276
401049515
401350556
401401144
401646071
401738014
401941526
402099919
402946227
403231886
404211319
404223477
404241556
404282339
404630960
404715637
404900579
405616907
405827547
405857712
405897487
405981141
406030408
406052354
406114848
406136896
406269739
406280583
406419201
406492265
406533849
406541548
406559502
406569491
406830023
407069847
407105882
407461732
407635554
407705661
408066335
408267342
408667874
408965164
409086315
409431721
409569058
409626302
409710020
409715442
409825145
409906539
410049444
410049931
410226571
410323674
410338839
410345707
410412914
410452061
410458448
410524841
410560999
410567401
410691919
411666162
411968327
412111649
412177576
412188366
412518776
412627973
412662741
412924687
412930136
412933382
412947388
413007914
413087297
413474038
413499841
413791009
413849589
413873344
414179742
414209485
414394487
414616912
414760449
414791188
414976696
415186941
415431178
415779698
416475690
416809326
416838903
417085992
417154241
417189600
417210773
417409198
417444931
417540528
417609908
417817501
418001463
418127173
418240962
418346507
418561780
419542337
419854364
420053685
420087502
420384117
420385622
420857118
421176329
421320435
421391965
422110884
422208817
422802872
422922197
422937210
422971652
423023683
423115260
423144302
423375388
423598629
423753842
423765025
423833227
424112643
424170330
424192390
424487514
424865666
424946438
425119866
425532898
425552060
425583443
426512151
426681377
426705006
426920524
427251067
427395005
427677539
427814616
427824986
427960717
428095660
428140889
428190091
428386410
428784300
428839456
429442972
429688818
429807243
429979626
430061359
430138335
430168174
430354578
430441117
430754189
430783767
430799783
430885631
430997701
431173725
431474181
431646611
431676868
431722876
431749464
431897816
431995018
432153107
432346718
432362654
432519124
433336306
433486669
433619383
433627454
433718788
433846975
434043168
434158245
434291643
434302221
434394951
434480280
434676955
434682667
434737651
434741577
434745614
434832142
435032926
435161025
435357637
435463539
435622464
435699763
435738705
435789608
435874494
436048866
436158383
436196156
436533459
436604441
436722094
436725489
437075043
437125772
437236059
437573156
437813872
437892055
438170381
438253218
438257113
438315400
438490583
438642557
438767541
438770692
438834582
439189983
439313095
439438661
439604366
439638675
439690224
439710201
440159159
440400115
440408638
440448550
440474316
440547544
440666998
440871643
441524327
441650389
441836508
441882699
441895440
442077949
442154782
442267213
442388725
442555851
442612953
442715472
442818023
442871826
443191515
443507521
443593267
443768260
444046819
444204831
444435162
444436392
444460996
444592890
444693286
444722761
444742789
444823330
444902716
444924681
444943605
444965778
445000850
445151810
445297199
445466039
445522939
445633815
445860290
445878648
445942259
446196843
446216780
446386895
446961813
447136489
447292927
447341270
447448482
447691891
447888179
447979727
448029974
448167560
448215772
448339755
448395093
448565325
448702710
448889213
448939196
449011343
449015858
449058539
449339107
449380034
449385530
449400343
449461329
449464147
449560588
449562980
449564651
449683708
449692167
449749561
449883408
450004423
450124649
450180442
450184293
450411847
450518410
450595046
450598204
450738253
450787220
450993314
451078269
451113535
451352928
451366628
451531148
451686919
451725200
451767704
452076402
452119562
452470277
452575663
452623476
452729986
452739677
452862148
452877633
453320991
453462962
453534405
453672400
453689268
453691002
453908921
454106515
454174026
454287869
454476099
454539032
454622727
454880272
455056274
455390905
455557961
455693673
455744309
455753993
455796062
455976234
456208687
456326978
456380780
456562810
456576412
456579596
456687021
456969941
457042943
457468262
458068934
458077488
458229385
458444718
458480168
458520675
458650551
458888114
459212780
459213967
459223124
459706428
459788839
460350778
460610462
460712543
460722179
460727164
460769817
460772529
460929044
460967094
461102248
461152260
461292386
461420965
461732580
461745262
462178763
462332704
462356301
462762123
462821491
462920675
463226130
463399120
463506445
463578943
463588370
463938834
464021395
464085858
464133536
464189612
464195866
464233527
464317213
464387471
464419438
464560996
464610524
464660508
464996277
465264883
465329459
465374500
465449523
465527785
465680966
465755364
465852945
465855998
465890012
465891811
466341156
466544567
466657147
466882240
467300479
467376825
467485217
467497373
467629326
467696381
468083464
468105647
468640811
468734233
469359166
469477909
469530429
469972606
470002107
470087967
470156528
470190634
470373325
470421476
470717836
470843155
470885168
470908850
471015256
471071310
471192954
471579456
471688596
471764562
471822960
472228727
472709750
472829343
472970195
473111229
473168823
473199141
473471720
473638929
473781450
473783984
473982092
474221528
474306633
474494201
474523720
474630613
474691406
474799843
474816941
475330394
475413152
475728851
476101045
476234247
476431786
476702938
476729908
476900815
477191318
477460010
477717440
477785980
477883053
478060993
478077221
478096906
478301465
478733247
479043516
479161097
479432041
479552542
479620851
479654526
479727458
479834560
480033836
480357869
480525689
480725443
480787977
480966367
480991015
481097299
481138083
481233416
481324017
481404795
481560523
482311938
482446690
482534690
482559592
482882807
483021064
483166710
483240699
483449427
483856526
484169813
484442623
484511027
484588120
484778154
484810201
485089293
485168623
485312988
485573646
485640614
486030599
486073893
486110748
486320373
486448980
486509379
486573639
486605873
486646897
486688915
487019767
487058062
487199260
487287113
487330485
487389571
487547392
487883729
488048102
488374638
488922328
489038683
489069408
489138661
489144065
489206447
489212940
489218412
489253994
489485806
489539385
489733222
490038732
490296569
490559109
490567158
490584994
490634762
490651940
490753527
490982273
491014942
491061043
491114285
491253500
491640129
491665062
491671506
491704863
492068419
492395923
492446220
492468211
492626549
493308641
493396530
493483231
493494283
493782902
494124563
494602821
494890206
494968440
495108534
495230505
495553375
496144633
496162358
496211572
497006972
497008032
497082452
497216153
497311666
497718100
497723945
498206592
498339765
499452215
499497312
499669616
499725788
499951965
500025273
500102849
500250906
500277618
500375904
500605576
500704125
500837638
501169439
501555396
501576445
501603317
501615978
501689113
501811572
501855474
501918926
502057407
502195202
502583574
502726310
502808948
502811868
502824712
503386042
504085716
504092280
504135021
504266234
504320986
504506651
504525063
504556457
504578409
504716540
504998980
505139200
505217370
505502221
505506790
505553629
505672144
505764534
505865638
505963014
506044899
506184586
506389452
506440452
506448548
506450353
506732158
506816823
506981151
507009729
507301498
507330676
507422033
507676470
507927369
508101666
508287829
508385931
508391927
508438383
508488692
508641733
508852777
508948488
509027001
509045790
509096705
509105365
509342240
509472830
509707591
509778827
509902178
510045787
510144716
510163957
510182367
510231432
510246256
510256484
510360339
510652290
510694739
510840036
511234849
511242330
511523661
511638444
511878861
511979247
512366832
512422690
512496000
512638372
512693594
512814040
512977750
512988754
513090366
513111925
513339080
513463485
513625723
513662879
513828713
513904891
513953647
514077393
514164065
514251190
514302618
514414153
514552466
514661283
514772494
515096815
515468355
515670863
515676562
516203060
516389306
516575593
516722852
516732477
516762507
517119798
517120835
517984836
518014720
518060700
518145595
518322161
518333973
518644809
518705122
518741947
519006016
519252915
519279483
519340119
519494126
519570071
519756055
519982131
520126844
520225705
520272372
520421689
520546078
520605998
520853813
521009316
521278900
521399765
521454361
521559879
521582459
521741394
521912273
521970785
522166872
522173328
522309025
522509215
522512401
522908437
523239279
523283346
523471424
523485853
523503183
523657599
523862057
523969836
524374945
524541638
524843974
524905253
525163849
525247100
525306341
525454044
525693546
525778570
525828226
525882551
525963429
526022468
526046026
526253236
526284340
526355573
526370005
526471047
526526504
526551971
526750472
526754607
526840261
526901595
527257719
527348139
527407420
527464552
527772008
527960741
527997585
528073496
528125549
528292188
528293963
528298744
528465102
528702039
528817934
528987909
529016109
529152345
529531651
529559313
529669675
529683889
529690393
529822627
529870780
529884847
529885397
529909893
530395331
530459104
530660094
530704691
531462085
531657547
531765887
531993451
532151883
532249897
532255523
532562808
532856486
532879833
533145630
533219371
533296415
533582357
533728783
534122347
534213683
534295975
534716717
535017106
535029298
535599427
535983047
536248081
536284352
536556837
536703165
536870732
537019598
537083719
537248253
537358867
537510592
537796309
537832466
537956935
538475646
538536643
538589717
538619242
538841617
538846423
539178845
539377815
539534347
539549864
539704978
539839928
540020658
540035547
540608795
540875215
540958129
541217149
541598951
541739035
541794922
541822074
541825251
541864594
541877442
541964525
542110404
542305838
542356122
542407037
542438062
542524843
542891384
542929652
543079965
543177314
543247482
543248173
543329798
543344687
543371032
543812935
543974031
544264026
544545223
544671540
544671543
544730528
545316319
545688885
545876598
546003202
546014321
546090367
546208382
546234848
546267757
546316067
546492340
546504310
546574495
546595916
546654451
546698659
546791649
546915291
547244881
547383362
547409584
547515749
547546315
547609444
547831747
547955337
548152646
548322972
548636371
548651642
548722304
549159719
549301599
549411997
549416750
549499322
549519394
550399833
550454634
550461540
550517390
550517870
550560475
550589276
550728374
550998191
551298009
551398622
551511680
551665662
551691296
551731776
551953568
552118505
552338398
552560511
552863378
553350568
553498839
553599395
553629686
553706907
553874758
553939657
554040051
554148175
554324082
554444082
554488838
555061013
555086302
555286314
555351601
555556935
555673914
555841388
555847134
556304157
556421143
556436575
556518079
556524009
556683968
556705432
556784862
556845404
556869127
557082653
557175570
557422613
557442736
557447479
557668003
557673413
557683033
557864717
558080572
558114090
558164420
558168770
558186799
558458584
558520311
558756313
558927501
558951397
559001896
559080380
559132950
559153537
559177530
559283728
559415086
559461394
559502087
559565407
559610350
559633050
559681499
559732264
559874539
559877557
560043177
560048893
560059437
560059468
560235460
560297545
560513730
560624311
560702784
561096536
561097941
561141539
561279800
561318699
561485199
561499189
561612738
561640906
561665400
561681956
561855514
562075210
562449317
562487899
562664395
562680499
562770220
562787340
562810312
562859862
562994877
563015649
563383092
563384877
563408341
563598362
563844206
563853566
563907313
563965466
564034052
564451246
564456840
564477408
564820772
564981527
565032471
565171750
565194121
565417959
565533063
565533483
565596521
565652217
565725252
566245548
566278255
566413077
566586150
566736800
566807905
567012489
567077851
567098071
567130919
567132781
567197187
567257049
567460047
567563797
567589397
568312879
568578492
568582342
568677450
568893184
569054970
569059376
569100995
569127942
569380767
569416766
569455250
569640425
570266044
570331797
570387684
570460889
570467271
570478882
570610755
570705128
570707459
570713980
570793608
571027038
571309655
571324095
571349300
571357904
571376883
571402186
571682759
572036225
572221866
572319775
572322223
572452027
572563054
572746181
572812966
572886000
573504953
573630459
573820479
573859580
573969939
574069607
574108991
574114775
574235944
574239041
574420094
574439701
574707724
574722541
574870639
575997185
576207815
576263955
576450660
576579476
576835975
576938444
577165940
577216370
577585905
577646828
577922595
578153175
578366160
578753834
578754552
578795878
578884667
579215985
579227646
579373462
579528609
579577560
579656744
579658046
580209475
580298974
580435352
580487632
580676562
581169010
581288247
581450113
581640312
581734648
581746727
581892334
582031560
582145326
582166334
582240540
582474441
582477366
582636814
583005075
583238857
583263730
583263798
583328308
583373567
583720408
583941090
584000466
584218149
584324760
584521923
584555116
584692254
585207516
585210501
585504706
585711976
585752912
585954291
586002178
586164942
586297781
586309872
586344834
586739495
587028124
587040732
587190568
587303451
587608731
587617504
587726096
587743262
588058228
588080679
588187539
588223102
588473966
588512763
588524853
588599467
588718479
588948773
589450005
589524932
589589820
589595318
589625421
589666132
589799548
590037713
590122060
590123326
590146154
590447860
590469196
590575378
590646016
590825593
590857359
590903715
590971164
591222638
591301247
591316973
591417516
591585487
591799470
591878978
591894759
592023205
592171729
592259266
592266358
592302822
592388988
592455079
592491303
592686311
592810934
592927854
593058897
593217113
593304362
593707731
593848658
593999993
594085648
594185041
594231322
594631004
594699554
594726070
594846848
594915612
595170828
595224243
595249936
595406117
595780984
595914298
595967441
595997977
596123425
596156739
596339447
596568609
596765403
596812914
596949904
597174369
597190615
597533506
597678236
597975201
598552729
598676707
599182106
599274582
599302985
599377987
599381482
599456078
599664047
599757595
599958631
600176030
600290890
600309569
600400345
600461785
600525008
600739958
600827143
600901193
601102139
601155709
601453708
601614191
601963184
602165988
602201265
602558176
602855925
602956516
603152767
603482455
603802718
604033767
604186918
604749270
604948728
605405029
605550010
605588436
605604101
606190826
606284550
606288578
606306502
606487434
606970263
607372135
607377840
607507988
607717649
607744631
607987854
608150477
608184401
608424628
608662101
608692569
609065071
609092901
609095568
609115938
609132302
609295178
609340389
609483600
609819175
610074423
610386183
610818763
610853790
611199821
611241783
611269302
611558456
611710053
611730025
611985930
612163954
612168659
612233138
612264710
612413211
612726295
612969868
613173084
613225077
613263258
613279797
613338713
613369854
613601154
613932934
613998781
614018440
614063257
614181589
614303928
614508435
614712888
614733105
614777968
614840995
615149314
615157033
615302021
615325330
615494157
615722909
616072683
616218189
616258292
616420230
616478874
616616479
616757998
617196203
617272922
617426578
617628047
617722799
617921993
617969066
618005328
618137376
618175744
618627364
618672081
618780721
618810963
618818628
618832112
619539563
619595958
619597095
619848698
619874958
619888168
620122692
620378885
620542145
620888206
620976400
621615948
621623909
621632561
621752228
622064019
622092622
622426928
623538477
623673131
623852604
623945190
623952005
624075120
624076288
624079446
624083875
624087544
624152634
624291222
624306520
624330299
624338423
624430323
624579181
624821671
625048563
625616293
625628613
626038472
626044584
626196193
626301381
626583474
626583857
626903441
626929216
627385889
627492686
627582574
627632382
627683723
628481702
628861369
629179748
629348796
629375406
629754951
630046468
630487616
630702260
631126359
631586977
631614745
631695764
631788226
631824349
632414838
632532237
632598293
633167111
633246239
633253213
633640245
633719251
634063776
634648922
634837851
635323258
636566716
637149103
637180408
637183171
637374372
637895675
638035203
638037743
638202118
638379905
638431864
638799149
638809905
639621325
639680668
639958899
640136510
640215907
640228233
640343792
640497492
640626772
641411123
641491675
641753872
641944728
642124831
642180822
642478011
642559660
642799791
642811199
643187210
643196174
643702015
643977939
644440035
644821801
645265369
645544395
646465265
646772572
647058774
647068934
647216920
647275903
647642473
647942572
648040245
648404292
648640711
648746191
648818242
649012966
649204882
649501716
649629752
649686187
649705426
649793621
649967296
650046298
650058532
650072769
650481748
650601995
650619608
650797958
651741339
651818895
652072883
652205480
652370810
652593834
653260742
654337631
654788165
654988337
655572539
655851878
656195913
656817949
657087467
657563599
658091850
658125223
658233224
658345059
658351204
658529373
658535453
658542636
658904469
658933756
659557428
659737054
659875806
660424500
660553531
661134459
661368166
661791374
661925120
662037273
662149641
662447317
662529289
662826606
663343150
663505062
663979808
664099885
664478484
664568046
664623373
664704642
664948096
665272387
665376409
665605662
665631879
665797558
666574987
666689440
666967098
667573130
667667832
667810686
667988435
668018948
668086650
668241063
668538879
669221414
669762548
670014038
670191063
670648461
670900838
671085797
671129158
671141100
671201286
671350995
671563853
671850170
672114099
672140486
672303869
672427554
672428330
672494853
672519877
672968427
673188868
673259815
673271049
673432638
673474703
673800362
673864341
674010892
674023029
674422691
674632368
674900437
675016147
675328138
675552822
675826627
676479175
676504534
676541677
676807272
676834624
676853404
677029223
677416291
677463448
677615021
677747227
677797453
678445373
678494188
678927026
679221282
679674978
679801188
679877137
680385303
680996274
680996498
681551928
681693341
682071100
682146794
682290501
682444826
682553842
682689332
682779190
682997729
683467416
683809834
684252146
684518563
684864767
685765873
685799745
686130438
686188016
686503549
686659256
686998320
687084236
687455969
687821890
688052024
688081460
688607504
688757998
689589562
689656944
689815308
690083061
690473685
690678190
690715698
691826241
691826296
692041956
692782028
693140625
693402423
693403804
693403881
693432873
693822186
693846516
694071114
694180679
694423713
694478823
694908310
695037318
695318389
695378270
696076930
696452835
696476466
696563952
696789390
697078428
697162144
698520668
699264854
699356545
699596542
699826828
699851358
700257013
700328058
700364521
700541079
700626704
700716703
700747320
701029564
701106081
701217342
701502511
701513895
701545683
701741492
701875344
702116500
703162411
703273461
703864039
704028067
704030531
704408117
704487417
704645737
705788424
706427136
706459372
706742906
706814485
707117041
707419362
707424088
707430477
707451895
707810089
708269603
708362969
708578089
708643362
708700757
708853701
709439881
709529903
709713440
709957469
710181298
710214497
710217718
710261275
710273881
710309388
710321159
710350748
710352999
710375593
710650378
710735513
710757966
710787435
710870769
710953001
710969564
711002415
711073022
711121622
711210398
711224833
711254736
711262414
711481108
711524802
711661959
711984959
712160364
712292644
712367809
712489446
712590575
712625535
712632021
712665917
712795506
712825889
712861880
713171652
713301295
713416340
713621065
713800474
714247238
714455574
714911949
715256649
715378827
715385955
715655460
715752692
716097846
716703178
716750882
716853922
716942878
717092190
717183405
717425635
718405927
719114501
719309699
719444748
719539049
719907037
720306001
720361581
720430631
720446633
720447111
720749809
721185112
721449885
721821060
721962271
721971391
722510556
722515946
722974906
723205995
723508696
723590619
723644047
724143988
728137993
728157757
728381064
728643556
728669333
728966372
729231838
729274476
729284254
729371063
729814376
729988069
730043095
730158480
730410829
730538059
730559913
730598052
730732166
730971232
731204466
731579489
731657037
731844239
732237341
732395318
732602150
732659921
732779323
732790514
733031412
734423525
734498997
734636676
734671312
734813997
734954458
735050354
735061243
735309486
735487164
735620642
735928550
736516789
736628021
736636001
736987856
737269387
737417998
737568946
737740779
737848412
738276928
738386286
738955249
739240968
739257459
739409727
739443300
740004711
740684120
740731339
741005935
741147495
741457422
741860304
741901670
741978401
742350372
742533776
742616925
742674854
742900237
742941594
742971253
743494372
743587977
743877455
744048968
744771297
745193299
745455199
745733784
745913623
745983007
745989563
746043813
746120234
746284996
746343218
746570000
746756953
747239909
747292141
747483517
747598245
747618274
747765598
747988816
747995742
748684729
749200444
749256961
749849607
749857942
749882511
750063996
750120232
750414729
750429599
750433995
750439396
751005391
751046301
751231040
751971079
752146409
752348961
752404109
752915582
752938497
752942011
753256114
753280989
753357586
754042849
755242192
755715730
756132431
756529760
757491590
757743514
757832018
758111527
758116311
758658316
759705177
759764793
760916832
761597094
763538899
763869148
765029228
765094496
765675237
766071595
767510591
767725112
767734038
768067340
768472564
770214735
770264495
770330741
771235841
771366552
771527603
773646568
774149245
774375678
774493472
775094921
778103754
778440088
778501804
780019617
780409831
781342119
781985649
782003310
782926289
783389694
784022471
784999126
786539484
788133786
788260574
788498257
788604879
789087182
790541956
791009513
792005671
792435711
793769505
794067491
795122484
796405346
797826693
798352972
800057032
800125375
801572259
801651296
803347870
803399302
804815724
804907078
804942237
806981097
808326773
809866800
810850787
811126612
813298719
814457183
817728722
825202626
825405970
825415764
825464385
826336785
827648371
829996629
830848228
831611981
834799507
840443919
841999575
846400003
847867182
848956003
856299598
858641864
