0 1 3
0 2 1
0 3 1
0 4 1
0 5 1
0 6 1
0 7 3
0 8 3
0 9 1
0 10 3
0 11 3
0 12 1
0 13 3
0 14 3
0 15 1
0 16 3
0 17 7
1 2 3
1 3 3
1 4 3
1 5 3
1 6 3
1 7 3
1 8 3
1 9 3
1 10 1
1 11 1
1 12 3
1 13 3
1 14 1
1 15 3
1 16 3
1 17 7
2 3 1
2 4 1
2 5 1
2 6 1
2 7 3
2 8 3
2 9 1
2 10 3
2 11 3
2 12 1
2 13 3
2 14 3
2 15 1
2 16 3
2 17 7
3 4 1
3 5 1
3 6 1
3 7 3
3 8 3
3 9 1
3 10 3
3 11 3
3 12 1
3 13 3
3 14 3
3 15 1
3 16 3
3 17 7
4 5 1
4 6 1
4 7 3
4 8 3
4 9 1
4 10 3
4 11 3
4 12 1
4 13 3
4 14 3
4 15 1
4 16 3
4 17 7
5 6 1
5 7 3
5 8 3
5 9 1
5 10 3
5 11 3
5 12 1
5 13 3
5 14 3
5 15 1
5 16 3
5 17 7
6 7 3
6 8 3
6 9 1
6 10 3
6 11 3
6 12 1
6 13 3
6 14 3
6 15 1
6 16 3
6 17 7
7 8 3
7 9 3
7 10 3
7 11 3
7 12 3
7 13 3
7 14 3
7 15 3
7 16 3
7 17 7
8 9 3
8 10 3
8 11 3
8 12 3
8 13 3
8 14 3
8 15 3
8 16 1
8 17 7
9 10 3
9 11 3
9 12 1
9 13 3
9 14 3
9 15 1
9 16 3
9 17 7
10 11 1
10 12 3
10 13 3
10 14 1
10 15 3
10 16 3
10 17 7
11 12 3
11 13 3
11 14 1
11 15 3
11 16 3
11 17 7
12 13 3
12 14 3
12 15 1
12 16 3
12 17 7
13 14 3
13 15 3
13 16 3
13 17 7
14 15 3
14 16 3
14 17 7
15 16 3
15 17 7
16 17 7
