36419 40259 2
36419 48205 0
36419 50009 0
36419 52702 0
36419 66809 0
36419 84960 0
36419 164698 2
36419 166203 2
36419 209803 0
36419 242274 2
36419 254668 2
36419 264357 0
36419 275363 2
36419 276227 2
36419 286345 0
36419 288225 2
36419  1
40259 48205 2
40259 50009 2
40259 52702 2
40259 66809 2
40259 84960 2
40259 164698 2
40259 166203 2
40259 209803 2
40259 242274 0
40259 254668 0
40259 264357 2
40259 275363 2
40259 276227 0
40259 286345 2
40259 288225 2
40259  1
48205 50009 0
48205 52702 0
48205 66809 0
48205 84960 0
48205 164698 2
48205 166203 2
48205 209803 0
48205 242274 2
48205 254668 2
48205 264357 0
48205 275363 2
48205 276227 2
48205 286345 0
48205 288225 2
48205  1
50009 52702 0
50009 66809 0
50009 84960 0
50009 164698 2
50009 166203 2
50009 209803 0
50009 242274 2
50009 254668 2
50009 264357 0
50009 275363 2
50009 276227 2
50009 286345 0
50009 288225 2
50009  1
52702 66809 0
52702 84960 0
52702 164698 2
52702 166203 2
52702 209803 0
52702 242274 2
52702 254668 2
52702 264357 0
52702 275363 2
52702 276227 2
52702 286345 0
52702 288225 2
52702  1
66809 84960 0
66809 164698 2
66809 166203 2
66809 209803 0
66809 242274 2
66809 254668 2
66809 264357 0
66809 275363 2
66809 276227 2
66809 286345 0
66809 288225 2
66809  1
84960 164698 2
84960 166203 2
84960 209803 0
84960 242274 2
84960 254668 2
84960 264357 0
84960 275363 2
84960 276227 2
84960 286345 0
84960 288225 2
84960  1
164698 166203 2
164698 209803 2
164698 242274 2
164698 254668 2
164698 264357 2
164698 275363 2
164698 276227 2
164698 286345 2
164698 288225 2
164698  1
166203 209803 2
166203 242274 2
166203 254668 2
166203 264357 2
166203 275363 2
166203 276227 2
166203 286345 2
166203 288225 0
166203  1
209803 242274 2
209803 254668 2
209803 264357 0
209803 275363 2
209803 276227 2
209803 286345 0
209803 288225 2
209803  1
242274 254668 0
242274 264357 2
242274 275363 2
242274 276227 0
242274 286345 2
242274 288225 2
242274  1
254668 264357 2
254668 275363 2
254668 276227 0
254668 286345 2
254668 288225 2
254668  1
264357 275363 2
264357 276227 2
264357 286345 0
264357 288225 2
264357  1
275363 276227 2
275363 286345 2
275363 288225 2
275363  1
276227 286345 2
276227 288225 2
276227  1
286345 288225 2
286345  1
288225  1
