211043234 211043234 0
211043234 36419 2.6457513110646
211043234 40259 2.6457513110646
211043234 50009 2.6457513110646
211043234 52702 2.6457513110646
211043234 84960 2.6457513110646
211043234 164698 2.8284271247462
211043234 209803 2.6457513110646
211043234 218996 3
211043234 242274 2.6457513110646
211043234 254668 2.6457513110646
211043234 275363 2.4494897427832
211043234 286345 2.6457513110646
211043234  2.4494897427832
36419 36419 0
36419 40259 1.4142135623731
36419 50009 0
36419 52702 0
36419 84960 0
36419 164698 2.2360679774998
36419 209803 0
36419 218996 2
36419 242274 1.4142135623731
36419 254668 1.4142135623731
36419 275363 1
36419 286345 0
36419  1
40259 40259 0
40259 50009 1.4142135623731
40259 52702 1.4142135623731
40259 84960 1.4142135623731
40259 164698 2.2360679774998
40259 209803 1.4142135623731
40259 218996 2
40259 242274 0
40259 254668 0
40259 275363 1
40259 286345 1.4142135623731
40259  1
50009 50009 0
50009 52702 0
50009 84960 0
50009 164698 2.2360679774998
50009 209803 0
50009 218996 2
50009 242274 1.4142135623731
50009 254668 1.4142135623731
50009 275363 1
50009 286345 0
50009  1
52702 52702 0
52702 84960 0
52702 164698 2.2360679774998
52702 209803 0
52702 218996 2
52702 242274 1.4142135623731
52702 254668 1.4142135623731
52702 275363 1
52702 286345 0
52702  1
84960 84960 0
84960 164698 2.2360679774998
84960 209803 0
84960 218996 2
84960 242274 1.4142135623731
84960 254668 1.4142135623731
84960 275363 1
84960 286345 0
84960  1
164698 164698 0
164698 209803 2.2360679774998
164698 218996 2.6457513110646
164698 242274 2.2360679774998
164698 254668 2.2360679774998
164698 275363 2
164698 286345 2.2360679774998
164698  2
209803 209803 0
209803 218996 2
209803 242274 1.4142135623731
209803 254668 1.4142135623731
209803 275363 1
209803 286345 0
209803  1
218996 218996 0
218996 242274 2
218996 254668 2
218996 275363 1.7320508075689
218996 286345 2
218996  1.7320508075689
242274 242274 0
242274 254668 0
242274 275363 1
242274 286345 1.4142135623731
242274  1
254668 254668 0
254668 275363 1
254668 286345 1.4142135623731
254668  1
275363 275363 0
275363 286345 1
275363  0
286345 286345 0
286345  1
  0
