211043234 211043234 0
211043234 36419 7
211043234 40259 7
211043234 50009 7
211043234 52702 7
211043234 84960 7
211043234 164698 8
211043234 209803 7
211043234 218996 9
211043234 242274 7
211043234 254668 7
211043234 275363 6
211043234 286345 7
211043234  6
36419 36419 0
36419 40259 2
36419 50009 0
36419 52702 0
36419 84960 0
36419 164698 5
36419 209803 0
36419 218996 4
36419 242274 2
36419 254668 2
36419 275363 1
36419 286345 0
36419  1
40259 40259 0
40259 50009 2
40259 52702 2
40259 84960 2
40259 164698 5
40259 209803 2
40259 218996 4
40259 242274 0
40259 254668 0
40259 275363 1
40259 286345 2
40259  1
50009 50009 0
50009 52702 0
50009 84960 0
50009 164698 5
50009 209803 0
50009 218996 4
50009 242274 2
50009 254668 2
50009 275363 1
50009 286345 0
50009  1
52702 52702 0
52702 84960 0
52702 164698 5
52702 209803 0
52702 218996 4
52702 242274 2
52702 254668 2
52702 275363 1
52702 286345 0
52702  1
84960 84960 0
84960 164698 5
84960 209803 0
84960 218996 4
84960 242274 2
84960 254668 2
84960 275363 1
84960 286345 0
84960  1
164698 164698 0
164698 209803 5
164698 218996 7
164698 242274 5
164698 254668 5
164698 275363 4
164698 286345 5
164698  4
209803 209803 0
209803 218996 4
209803 242274 2
209803 254668 2
209803 275363 1
209803 286345 0
209803  1
218996 218996 0
218996 242274 4
218996 254668 4
218996 275363 3
218996 286345 4
218996  3
242274 242274 0
242274 254668 0
242274 275363 1
242274 286345 2
242274  1
254668 254668 0
254668 275363 1
254668 286345 2
254668  1
275363 275363 0
275363 286345 1
275363  0
286345 286345 0
286345  1
  0
